[net]
batch = 12
clip_duration = 16
height = 224
width = 224
channels = 3
momentum = 0.9
decay = 0.0005

learning_rate = 0.0001
max_batches = 100000
steps = 30000,40000,50000,60000
scales = 0.5,0.5,0.5,0.5


[region]
anchors = 0.31921225, 0.20607122, 0.08165275, 0.15222583, 0.16259671, 0.21327588, 0.06640536, 0.09622235, 0.13530614, 0.11194525
classes = 24
num = 5

object_scale = 5
noobject_scale = 1
class_scale = 1
coord_scale = 1